{
 "cells": [
  {
   "cell_type": "markdown",
   "id": "49c0d688",
   "metadata": {},
   "source": [
    "# 予定\n",
    "1. アクチュエータへの入力で一旦SB3で学習してみる\n",
    "2. 逆運動学を利用して、エンドエフェクタの位置あるいは速度などで制御できるようにする\n",
    "    - 実機でもしっかり取得できる情報じゃないと困る\n"
   ]
  },
  {
   "cell_type": "code",
   "execution_count": 3,
   "id": "91a01d69",
   "metadata": {},
   "outputs": [],
   "source": [
    "%matplotlib inline\n",
    "import os\n",
    "import mujoco\n",
    "import numpy as np\n",
    "from gymnasium.envs.mujoco import MujocoEnv\n",
    "from gymnasium import spaces\n",
    "from gymnasium.envs.registration import register\n",
    "from gymnasium.spaces import Box\n",
    "from typing import Dict, Union\n",
    "import matplotlib.pyplot as plt\n",
    "import cv2\n",
    "from typing import Optional, Union\n",
    "\n",
    "register(\n",
    "    id='myenv-v0',\n",
    "    entry_point='myenv.env:MyEnv'\n",
    ")\n",
    "\n",
    "\n",
    "DEFAULT_CAMERA_CONFIG = {\n",
    "    \"trackbodyid\": -1,\n",
    "    \"distance\": 4.0,\n",
    "}\n",
    "\n",
    "class MyRobotEnv(MujocoEnv):\n",
    "    def __init__(\n",
    "        self, \n",
    "        array=None,\n",
    "        xml_path = \"/workspace/ros2_ws/src/RL-hockey/assets/main.xml\",\n",
    "        frame_skip: int = 5,\n",
    "        default_camera_config: Dict[str, Union[float, int]] = DEFAULT_CAMERA_CONFIG,\n",
    "        **kwargs,\n",
    "    ):\n",
    "        # 一度モデルを読み込んで観測次元を取得\n",
    "        model = mujoco.MjModel.from_xml_path(xml_path)\n",
    "        obs_dim = model.nq + model.nv\n",
    "        observation_space = Box(low=-np.inf, high=np.inf, shape=(obs_dim,), dtype=np.float32)\n",
    "\n",
    "        # 行動空間：joint velocities [-1, 1] 正規化\n",
    "        # 現状はmodelのアクチュエータが認識していないので、model.nuがなくなっている\n",
    "        # そのため, model.ctrlもないのでstepができない状態\n",
    "        self.action_space = spaces.Box(\n",
    "            low=-1.0, high=1.0, shape=model.actuator_actnum.shape, dtype=np.float32\n",
    "        )\n",
    "        self.array = array\n",
    "        \n",
    "        # 親クラスの初期化\n",
    "        super().__init__(\n",
    "            model_path=xml_path,\n",
    "            frame_skip=frame_skip,\n",
    "            observation_space=observation_space,\n",
    "            render_mode=\"rgb_array\",\n",
    "            default_camera_config=default_camera_config,\n",
    "            **kwargs,\n",
    "        )\n",
    "        \n",
    "        self.metadata = {\n",
    "            \"render_modes\": [\n",
    "                \"human\",\n",
    "                \"rgb_array\",\n",
    "                \"depth_array\",\n",
    "                \"rgbd_tuple\",\n",
    "            ],\n",
    "            \"render_fps\": int(np.round(1.0 / self.dt)),\n",
    "        }\n",
    "        \n",
    "\n",
    "    def step(self, action):\n",
    "        # 正規化されたactionをスケーリング\n",
    "        #scaled_action = action * self.model.actuator_ctrlrange[:, 1]\n",
    "        self.do_simulation(action, self.frame_skip)\n",
    "\n",
    "        obs = self._get_obs()\n",
    "        reward = self._compute_reward(obs, action)\n",
    "        done = False\n",
    "        info = {}\n",
    "\n",
    "        return obs, reward, done, info\n",
    "\n",
    "    def _get_obs(self):\n",
    "        return np.concatenate([self.data.qpos.flat, self.data.qvel.flat])\n",
    "\n",
    "    def _compute_reward(self, obs, action):\n",
    "        # エンドエフェクタの位置を使用した報酬例\n",
    "        site_id = mujoco.mj_name2id(self.model, mujoco.mjtObj.mjOBJ_SITE, \"ee_site\")\n",
    "        end_effector_pos = self.data.site_xpos[site_id]\n",
    "        goal = np.array([0.5, 0.0, 0.2])\n",
    "        dist = np.linalg.norm(end_effector_pos - goal)\n",
    "        return -dist\n",
    "\n",
    "    def reset_model(self):\n",
    "        # ランダム初期化\n",
    "        qpos = self.array\n",
    "        \n",
    "        qvel = self.init_qvel\n",
    "        self.set_state(qpos, qvel)\n",
    "        return self._get_obs()\n",
    "\n",
    "register(\n",
    "    id='ArmHockey-v0',\n",
    "    entry_point='myenv.env:MyEnv'\n",
    ")"
   ]
  },
  {
   "cell_type": "code",
   "execution_count": 4,
   "id": "bde0238c",
   "metadata": {},
   "outputs": [],
   "source": [
    "def render(images):\n",
    "    for img in images:\n",
    "        # 画像をuint8のBGRに変換（OpenCV用）\n",
    "        img_bgr = cv2.cvtColor(img, cv2.COLOR_RGB2BGR)\n",
    "        \n",
    "        cv2.imshow('Video', img_bgr)\n",
    "        if cv2.waitKey(100) & 0xFF == ord('q'):\n",
    "            break\n",
    "\n",
    "    cv2.destroyAllWindows()"
   ]
  },
  {
   "cell_type": "code",
   "execution_count": 137,
   "id": "711242d9",
   "metadata": {},
   "outputs": [
    {
     "name": "stdout",
     "output_type": "stream",
     "text": [
      "Joint 0: name=puck_x, qpos address=0, dof address=0, type=2\n",
      "Joint 1: name=puck_y, qpos address=1, dof address=1, type=2\n",
      "Joint 2: name=puck_yaw, qpos address=2, dof address=2, type=3\n",
      "Joint 3: name=crane_x7_shoulder_fixed_part_pan_joint, qpos address=3, dof address=3, type=3\n",
      "Joint 4: name=crane_x7_shoulder_revolute_part_tilt_joint, qpos address=4, dof address=4, type=3\n",
      "Joint 5: name=crane_x7_upper_arm_revolute_part_twist_joint, qpos address=5, dof address=5, type=3\n",
      "Joint 6: name=crane_x7_upper_arm_revolute_part_rotate_joint, qpos address=6, dof address=6, type=3\n",
      "Joint 7: name=crane_x7_lower_arm_fixed_part_joint, qpos address=7, dof address=7, type=3\n",
      "Joint 8: name=crane_x7_lower_arm_revolute_part_joint, qpos address=8, dof address=8, type=3\n",
      "Joint 9: name=crane_x7_wrist_joint, qpos address=9, dof address=9, type=3\n",
      "Joint 10: name=crane_x7_gripper_finger_a_joint, qpos address=10, dof address=10, type=3\n",
      "Joint 11: name=crane_x7_gripper_finger_b_joint, qpos address=11, dof address=11, type=3\n"
     ]
    }
   ],
   "source": [
    "def print_joint(model):\n",
    "    for i in range(model.njnt):\n",
    "        name = mujoco.mj_id2name(model, mujoco.mjtObj.mjOBJ_JOINT, i)\n",
    "        addr = model.jnt_qposadr[i]\n",
    "        dof = model.jnt_dofadr[i]\n",
    "        type_ = model.jnt_type[i]\n",
    "        print(f\"Joint {i}: name={name}, qpos address={addr}, dof address={dof}, type={type_}\")\n",
    "\n",
    "print_joint(env.model)"
   ]
  },
  {
   "cell_type": "code",
   "execution_count": 5,
   "id": "59b66471",
   "metadata": {},
   "outputs": [],
   "source": [
    "def calculate_ik_target_velocities_wdls( # 関数名を変更または引数追加\n",
    "    model, data,\n",
    "    target_pos_world: np.ndarray,\n",
    "    target_orientation_matrix_world: np.ndarray,\n",
    "    ee_site_id: int,\n",
    "    ee_body_id: int,\n",
    "    arm_dof_qvel_indices: np.ndarray, \n",
    "    wrist_joint_qvel_indices_in_nv: np.ndarray, # !!! 新規: qvel全体での手首関節のインデックス !!!\n",
    "    wrist_weight_factor: float, # !!! 新規: 手首の重み係数 (例: 5.0) !!!\n",
    "    Kp_pos: float, Kd_pos: float,\n",
    "    Kp_ori: float, Kd_ori: float,\n",
    "    lambda_ik: float,\n",
    "    max_joint_velocity: float = 2.0\n",
    ") -> np.ndarray:\n",
    "    mujoco.mj_forward(model, data) \n",
    "\n",
    "    current_ee_pos = data.site_xpos[ee_site_id]\n",
    "    current_ee_orientation_matrix = data.site_xmat[ee_site_id].reshape(3, 3)\n",
    "\n",
    "    J_pos_site = np.zeros((3, model.nv))\n",
    "    mujoco.mj_jacSite(model, data, J_pos_site, None, ee_site_id)\n",
    "    J_rot_body = np.zeros((3, model.nv))\n",
    "    mujoco.mj_jacBody(model, data, None, J_rot_body, ee_body_id)\n",
    "    J_full = np.vstack([J_pos_site, J_rot_body])\n",
    "\n",
    "    current_ee_linear_vel = J_pos_site @ data.qvel[:model.nv]\n",
    "    current_ee_angular_vel = J_rot_body @ data.qvel[:model.nv]\n",
    "\n",
    "    pos_error = target_pos_world - current_ee_pos\n",
    "    target_ee_linear_vel_world = np.zeros(3) \n",
    "    command_linear_vel = target_ee_linear_vel_world + Kp_pos * pos_error - Kd_pos * current_ee_linear_vel\n",
    "\n",
    "    target_quat_arr = np.empty(4)\n",
    "    mujoco.mju_mat2Quat(target_quat_arr, target_orientation_matrix_world.flatten())\n",
    "    current_quat_arr = np.empty(4)\n",
    "    mujoco.mju_mat2Quat(current_quat_arr, current_ee_orientation_matrix.flatten())\n",
    "    conj_current_quat_arr = current_quat_arr.copy() \n",
    "    conj_current_quat_arr[1:] *= -1.0\n",
    "    error_quat_arr = np.empty(4)\n",
    "    mujoco.mju_mulQuat(error_quat_arr, target_quat_arr, conj_current_quat_arr)\n",
    "    error_orientation_vec = np.empty(3)\n",
    "    mujoco.mju_quat2Vel(error_orientation_vec, error_quat_arr, 1.0)\n",
    "    target_ee_angular_vel_world = np.zeros(3)\n",
    "    command_angular_vel = target_ee_angular_vel_world + Kp_ori * error_orientation_vec - Kd_ori * current_ee_angular_vel\n",
    "    task_space_desired_vel = np.concatenate([command_linear_vel, command_angular_vel])\n",
    "\n",
    "    # --- WDLSのための重み行列設定 ---\n",
    "    W_inv = np.eye(model.nv) # まずは単位行列で初期化 (全関節の重みは同じ)\n",
    "    if wrist_joint_qvel_indices_in_nv.size > 0 : # 手首のインデックスが指定されていれば\n",
    "        W_inv[wrist_joint_qvel_indices_in_nv, wrist_joint_qvel_indices_in_nv] = wrist_weight_factor\n",
    "    # ---------------------------------\n",
    "\n",
    "    try:\n",
    "        J_full_transpose = J_full.T\n",
    "        # WDLSの計算式\n",
    "        A_matrix_wdls = J_full @ W_inv @ J_full_transpose + (lambda_ik**2) * np.eye(J_full.shape[0])\n",
    "        solution_in_task_space_wdls = np.linalg.lstsq(A_matrix_wdls, task_space_desired_vel, rcond=None)[0]\n",
    "        qvel_des_all_dof = W_inv @ J_full_transpose @ solution_in_task_space_wdls # 重みを適用\n",
    "    except np.linalg.LinAlgError:\n",
    "        print(f\"IK Warning: Jacobian inversion failed. Setting qvel_des to zero.\")\n",
    "        qvel_des_all_dof = np.zeros(model.nv)\n",
    "\n",
    "    target_arm_joint_velocities_unclipped = qvel_des_all_dof[arm_dof_qvel_indices]\n",
    "    target_arm_joint_velocities_clipped = np.clip(\n",
    "        target_arm_joint_velocities_unclipped,\n",
    "        -max_joint_velocity,\n",
    "        max_joint_velocity\n",
    "    )\n",
    "    return target_arm_joint_velocities_clipped"
   ]
  },
  {
   "cell_type": "code",
   "execution_count": 6,
   "id": "b93d17b0",
   "metadata": {},
   "outputs": [
    {
     "name": "stdout",
     "output_type": "stream",
     "text": [
      "Target EE Position: [-0.9  0.2  0.1]\n",
      "Target EE Orientation Matrix:\n",
      "[[-1.0000000e+00  0.0000000e+00 -1.2246468e-16]\n",
      " [ 0.0000000e+00  1.0000000e+00  0.0000000e+00]\n",
      " [ 1.2246468e-16  0.0000000e+00 -1.0000000e+00]]\n",
      "Controlling arm actuators at ctrl indices: [ 3  4  5  6  7  8  9 10 11]\n",
      "Assuming these control qvel DoFs at indices: [ 3  4  5  6  7  8  9 10 11]\n",
      "Initial EE position: [-0.64551462  0.          0.04822976]\n",
      "Step 0000 | Pos Error: 0.3338\n",
      "  Current EE Orientation Matrix (Step 0000):\n",
      "[[-0.97534233 -0.00457764  0.22064991]\n",
      " [-0.00594022  0.99996716 -0.00551213]\n",
      " [-0.22061743 -0.00668692 -0.9753375 ]]\n",
      "  Approx. Angle Error: 12.75 deg\n",
      "Step 0020 | Pos Error: 0.2730\n",
      "  Current EE Orientation Matrix (Step 0020):\n",
      "[[-0.89899475  0.03913392  0.4362075 ]\n",
      " [ 0.02881008  0.99912677 -0.03025999]\n",
      " [-0.43701078 -0.0146364  -0.89933717]]\n",
      "  Approx. Angle Error: 26.01 deg\n",
      "Step 0040 | Pos Error: 0.1702\n",
      "  Current EE Orientation Matrix (Step 0040):\n",
      "[[-0.84376192 -0.05548807  0.53384164]\n",
      " [ 0.01951121  0.99081295  0.13382454]\n",
      " [-0.53636287  0.12333195 -0.8349276 ]]\n",
      "  Approx. Angle Error: 33.41 deg\n",
      "Step 0060 | Pos Error: 0.1153\n",
      "  Current EE Orientation Matrix (Step 0060):\n",
      "[[-0.78688488 -0.22455051  0.57479497]\n",
      " [-0.04122029  0.94849146  0.3141096 ]\n",
      " [-0.61572159  0.22347488 -0.75560963]]\n",
      "  Approx. Angle Error: 41.80 deg\n",
      "Step 0080 | Pos Error: 0.0983\n",
      "  Current EE Orientation Matrix (Step 0080):\n",
      "[[-0.81013598 -0.2446308   0.53276211]\n",
      " [-0.02847691  0.92412357  0.38103109]\n",
      " [-0.58554996  0.29351558 -0.75563208]]\n",
      "  Approx. Angle Error: 41.85 deg\n",
      "Step 0100 | Pos Error: 0.1005\n",
      "  Current EE Orientation Matrix (Step 0100):\n",
      "[[-0.79366637 -0.20326496  0.57339083]\n",
      " [ 0.01967217  0.93346134  0.35813815]\n",
      " [-0.60803511  0.29552205 -0.73685821]]\n",
      "  Approx. Angle Error: 42.95 deg\n",
      "Step 0120 | Pos Error: 0.1170\n",
      "  Current EE Orientation Matrix (Step 0120):\n",
      "[[-0.75093598 -0.16303429  0.63993357]\n",
      " [ 0.08250848  0.9382891   0.33586592]\n",
      " [-0.65520036  0.30501375 -0.69114333]]\n",
      "  Approx. Angle Error: 46.36 deg\n",
      "Step 0140 | Pos Error: 0.1176\n",
      "  Current EE Orientation Matrix (Step 0140):\n",
      "[[-0.74327763 -0.17375689  0.64602393]\n",
      " [ 0.08016362  0.93558889  0.34387093]\n",
      " [-0.66416276  0.30737918 -0.68147331]]\n",
      "  Approx. Angle Error: 47.14 deg\n",
      "Step 0160 | Pos Error: 0.1239\n",
      "  Current EE Orientation Matrix (Step 0160):\n",
      "[[-0.72669658 -0.1681977   0.66604926]\n",
      " [ 0.10134235  0.93270569  0.34610667]\n",
      " [-0.67944228  0.31901353 -0.66074848]]\n",
      "  Approx. Angle Error: 48.69 deg\n",
      "Step 0180 | Pos Error: 0.1278\n",
      "  Current EE Orientation Matrix (Step 0180):\n",
      "[[-0.72245697 -0.16383727  0.67172411]\n",
      " [ 0.12400818  0.92506197  0.35900185]\n",
      " [-0.68020431  0.34266268 -0.6480003 ]]\n",
      "  Approx. Angle Error: 49.63 deg\n",
      "Step 0200 | Pos Error: 0.1245\n",
      "  Current EE Orientation Matrix (Step 0200):\n",
      "[[-0.71847093 -0.15473544  0.67812718]\n",
      " [ 0.10768999  0.93843898  0.32823032]\n",
      " [-0.68716984  0.30885145 -0.65757767]]\n",
      "  Approx. Angle Error: 48.91 deg\n",
      "Step 0220 | Pos Error: 0.1238\n",
      "  Current EE Orientation Matrix (Step 0220):\n",
      "[[-0.72040631 -0.16113524  0.67457407]\n",
      " [ 0.10711139  0.93511781  0.33776002]\n",
      " [-0.68523127  0.31557901 -0.65640535]]\n",
      "  Approx. Angle Error: 49.01 deg\n",
      "Step 0240 | Pos Error: 0.1245\n",
      "  Current EE Orientation Matrix (Step 0240):\n",
      "[[-0.72245133 -0.15685104  0.67339575]\n",
      " [ 0.11589055  0.93268095  0.34157813]\n",
      " [-0.68164027  0.32481378 -0.65563904]]\n",
      "  Approx. Angle Error: 49.05 deg\n",
      "Step 0260 | Pos Error: 0.1318\n",
      "  Current EE Orientation Matrix (Step 0260):\n",
      "[[-0.70608925 -0.1384787   0.69445059]\n",
      " [ 0.14369088  0.93227054  0.33200087]\n",
      " [-0.69339087  0.33420846 -0.63836808]]\n",
      "  Approx. Angle Error: 50.33 deg\n",
      "Step 0280 | Pos Error: 0.1221\n",
      "  Current EE Orientation Matrix (Step 0280):\n",
      "[[-0.71410482 -0.15638121  0.68234832]\n",
      " [ 0.11208528  0.93661225  0.33195538]\n",
      " [-0.69100738  0.31353214 -0.65131129]]\n",
      "  Approx. Angle Error: 49.38 deg\n",
      "Step 0300 | Pos Error: 0.1161\n",
      "  Current EE Orientation Matrix (Step 0300):\n",
      "[[-0.73100912 -0.15182084  0.66526393]\n",
      " [ 0.10144413  0.93992152  0.32597027]\n",
      " [-0.67478497  0.30577437 -0.67168987]]\n",
      "  Approx. Angle Error: 47.83 deg\n",
      "Step 0320 | Pos Error: 0.1232\n",
      "  Current EE Orientation Matrix (Step 0320):\n",
      "[[-0.71494348 -0.13854974  0.68531729]\n",
      " [ 0.1235642   0.93970443  0.31888474]\n",
      " [-0.68817709  0.31266525 -0.65471577]]\n",
      "  Approx. Angle Error: 49.10 deg\n",
      "Step 0340 | Pos Error: 0.1246\n",
      "  Current EE Orientation Matrix (Step 0340):\n",
      "[[-0.71394874 -0.15256431  0.68337496]\n",
      " [ 0.10855191  0.94005753  0.32327747]\n",
      " [-0.69173238  0.3049852  -0.65459174]]\n",
      "  Approx. Angle Error: 49.13 deg\n",
      "Step 0360 | Pos Error: 0.1206\n",
      "  Current EE Orientation Matrix (Step 0360):\n",
      "[[-0.71690151 -0.13800537  0.68337892]\n",
      " [ 0.11178523  0.94477605  0.30806213]\n",
      " [-0.68815426  0.29724188 -0.66188441]]\n",
      "  Approx. Angle Error: 48.56 deg\n",
      "Step 0380 | Pos Error: 0.1227\n",
      "  Current EE Orientation Matrix (Step 0380):\n",
      "[[-0.70945352 -0.13358835  0.69197533]\n",
      " [ 0.12261164  0.94349981  0.30785468]\n",
      " [-0.69400439  0.30325282 -0.65298977]]\n",
      "  Approx. Angle Error: 49.23 deg\n",
      "Step 0400 | Pos Error: 0.1289\n",
      "  Current EE Orientation Matrix (Step 0400):\n",
      "[[-0.7009594  -0.1405493   0.69921514]\n",
      " [ 0.12806062  0.93965246  0.31725971]\n",
      " [-0.70160986  0.3119281  -0.64065939]]\n",
      "  Approx. Angle Error: 50.16 deg\n",
      "Step 0420 | Pos Error: 0.1270\n",
      "  Current EE Orientation Matrix (Step 0420):\n",
      "[[-0.70027076 -0.12309839  0.70318393]\n",
      " [ 0.13734316  0.94338742  0.30192223]\n",
      " [-0.70054102  0.30800481 -0.64371991]]\n",
      "  Approx. Angle Error: 49.93 deg\n",
      "Step 0440 | Pos Error: 0.1245\n",
      "  Current EE Orientation Matrix (Step 0440):\n",
      "[[-0.70257005 -0.12655396  0.70027096]\n",
      " [ 0.13038868  0.9445057   0.30150917]\n",
      " [-0.69956709  0.30313872 -0.64708021]]\n",
      "  Approx. Angle Error: 49.68 deg\n",
      "Step 0460 | Pos Error: 0.1300\n",
      "  Current EE Orientation Matrix (Step 0460):\n",
      "[[-0.69097899 -0.14848646  0.70746011]\n",
      " [ 0.11988872  0.94158227  0.31472135]\n",
      " [-0.71286376  0.30228233 -0.63281171]]\n",
      "  Approx. Angle Error: 50.75 deg\n",
      "Step 0480 | Pos Error: 0.1210\n",
      "  Current EE Orientation Matrix (Step 0480):\n",
      "[[-0.70442318 -0.13987791  0.69586073]\n",
      " [ 0.11343573  0.94560124  0.30491085]\n",
      " [-0.70065706  0.29372174 -0.65023628]]\n",
      "  Approx. Angle Error: 49.45 deg\n",
      "Step 0500 | Pos Error: 0.1311\n",
      "  Current EE Orientation Matrix (Step 0500):\n",
      "[[-0.68349208 -0.15491235  0.71333074]\n",
      " [ 0.11283076  0.94305625  0.31291234]\n",
      " [-0.721185    0.29435876 -0.62709259]]\n",
      "  Approx. Angle Error: 51.18 deg\n",
      "Step 0520 | Pos Error: 0.1313\n",
      "  Current EE Orientation Matrix (Step 0520):\n",
      "[[-0.67750765 -0.16270524  0.7172938 ]\n",
      " [ 0.10946689  0.9420587   0.31708422]\n",
      " [-0.72732413  0.2933469  -0.62044114]]\n",
      "  Approx. Angle Error: 51.68 deg\n",
      "Step 0540 | Pos Error: 0.1335\n",
      "  Current EE Orientation Matrix (Step 0540):\n",
      "[[-0.66752468 -0.15288003  0.72872389]\n",
      " [ 0.1084291   0.9483031   0.29826895]\n",
      " [-0.73665048  0.27811676 -0.61643907]]\n",
      "  Approx. Angle Error: 51.97 deg\n",
      "Step 0560 | Pos Error: 0.1339\n",
      "  Current EE Orientation Matrix (Step 0560):\n",
      "[[-0.67079997 -0.15100886  0.72610173]\n",
      " [ 0.12814783  0.94072418  0.31403209]\n",
      " [-0.73048308  0.30370108 -0.6116863 ]]\n",
      "  Approx. Angle Error: 52.29 deg\n",
      "Step 0580 | Pos Error: 0.1303\n",
      "  Current EE Orientation Matrix (Step 0580):\n",
      "[[-0.66450429 -0.16677991  0.72843566]\n",
      " [ 0.08523757  0.95149897  0.29560831]\n",
      " [-0.7424073   0.25852308 -0.61805923]]\n",
      "  Approx. Angle Error: 51.90 deg\n",
      "Step 0600 | Pos Error: 0.1311\n",
      "  Current EE Orientation Matrix (Step 0600):\n",
      "[[-0.66233632 -0.15302084  0.73341341]\n",
      " [ 0.09416574  0.95415439  0.28411656]\n",
      " [-0.74326537  0.25724313 -0.61756178]]\n",
      "  Approx. Angle Error: 51.90 deg\n",
      "Step 0620 | Pos Error: 0.1228\n",
      "  Current EE Orientation Matrix (Step 0620):\n",
      "[[-0.67931533 -0.130154    0.72221231]\n",
      " [ 0.11225005  0.95413591  0.27753305]\n",
      " [-0.72521074  0.26960083 -0.63354935]]\n",
      "  Approx. Angle Error: 50.69 deg\n",
      "Step 0640 | Pos Error: 0.1291\n",
      "  Current EE Orientation Matrix (Step 0640):\n",
      "[[-0.66926212 -0.13148845  0.73129953]\n",
      " [ 0.13493713  0.94634314  0.29364371]\n",
      " [-0.73067105  0.29520407 -0.61560894]]\n",
      "  Approx. Angle Error: 52.00 deg\n",
      "Step 0660 | Pos Error: 0.1278\n",
      "  Current EE Orientation Matrix (Step 0660):\n",
      "[[-0.66610049 -0.13588825  0.73337884]\n",
      " [ 0.12736771  0.94809737  0.29135691]\n",
      " [-0.73490653  0.28748176 -0.61422034]]\n",
      "  Approx. Angle Error: 52.11 deg\n",
      "Step 0680 | Pos Error: 0.1306\n",
      "  Current EE Orientation Matrix (Step 0680):\n",
      "[[-0.65467789 -0.13960434  0.74290477]\n",
      " [ 0.11414847  0.9532694   0.27972768]\n",
      " [-0.74723958  0.26793296 -0.60814878]]\n",
      "  Approx. Angle Error: 52.55 deg\n",
      "Step 0700 | Pos Error: 0.1405\n",
      "  Current EE Orientation Matrix (Step 0700):\n",
      "[[-0.62726248 -0.15064959  0.76409848]\n",
      " [ 0.10992159  0.95416611  0.27835997]\n",
      " [-0.77101169  0.25859569 -0.58195296]]\n",
      "  Approx. Angle Error: 54.43 deg\n",
      "Step 0720 | Pos Error: 0.1348\n",
      "  Current EE Orientation Matrix (Step 0720):\n",
      "[[-0.64005393 -0.13486167  0.75640155]\n",
      " [ 0.1262019   0.95265029  0.27664146]\n",
      " [-0.75789449  0.27252477 -0.59272776]]\n",
      "  Approx. Angle Error: 53.65 deg\n",
      "Step 0740 | Pos Error: 0.1414\n",
      "  Current EE Orientation Matrix (Step 0740):\n",
      "[[-0.62219963 -0.15406684  0.76754871]\n",
      " [ 0.11590737  0.95150862  0.28495058]\n",
      " [-0.77423065  0.26626069 -0.57417083]]\n",
      "  Approx. Angle Error: 54.97 deg\n",
      "Step 0760 | Pos Error: 0.1347\n",
      "  Current EE Orientation Matrix (Step 0760):\n",
      "[[-0.62814    -0.13810548  0.76574605]\n",
      " [ 0.12696833  0.9527396   0.27598241]\n",
      " [-0.76767127  0.27058109 -0.58091884]]\n",
      "  Approx. Angle Error: 54.49 deg\n",
      "Step 0780 | Pos Error: 0.1399\n",
      "  Current EE Orientation Matrix (Step 0780):\n",
      "[[-0.61304748 -0.1544455   0.7748028 ]\n",
      " [ 0.11672689  0.95223618  0.28217208]\n",
      " [-0.78137547  0.2634252  -0.56573805]]\n",
      "  Approx. Angle Error: 55.56 deg\n",
      "Step 0800 | Pos Error: 0.1397\n",
      "  Current EE Orientation Matrix (Step 0800):\n",
      "[[-0.6149539  -0.14201056  0.77567048]\n",
      " [ 0.11433156  0.95720013  0.2658876 ]\n",
      " [-0.78023073  0.25219223 -0.57239766]]\n",
      "  Approx. Angle Error: 55.09 deg\n",
      "Step 0820 | Pos Error: 0.1332\n",
      "  Current EE Orientation Matrix (Step 0820):\n",
      "[[-0.63195207 -0.1278814   0.76438402]\n",
      " [ 0.13642787  0.95253435  0.27215025]\n",
      " [-0.76290498  0.2762692  -0.58450947]]\n",
      "  Approx. Angle Error: 54.23 deg\n",
      "Step 0840 | Pos Error: 0.1393\n",
      "  Current EE Orientation Matrix (Step 0840):\n",
      "[[-0.60256259 -0.13840201  0.78597914]\n",
      " [ 0.12505155  0.95630871  0.26426456]\n",
      " [-0.78821344  0.25752385 -0.55892847]]\n",
      "  Approx. Angle Error: 56.02 deg\n",
      "Step 0860 | Pos Error: 0.1488\n",
      "  Current EE Orientation Matrix (Step 0860):\n",
      "[[-0.57266758 -0.1481369   0.80629232]\n",
      " [ 0.11674099  0.95877814  0.25906758]\n",
      " [-0.81143292  0.24248697 -0.53176751]]\n",
      "  Approx. Angle Error: 57.89 deg\n",
      "Step 0880 | Pos Error: 0.1467\n",
      "  Current EE Orientation Matrix (Step 0880):\n",
      "[[-0.57221047 -0.1494611   0.80637247]\n",
      " [ 0.12039963  0.95728944  0.26287042]\n",
      " [-0.81122075  0.24750415 -0.52977597]]\n",
      "  Approx. Angle Error: 58.02 deg\n",
      "Step 0900 | Pos Error: 0.1518\n",
      "  Current EE Orientation Matrix (Step 0900):\n",
      "[[-0.56661245 -0.14650174  0.81085607]\n",
      " [ 0.12343939  0.95787023  0.25932093]\n",
      " [-0.81468586  0.24702605 -0.52465711]]\n",
      "  Approx. Angle Error: 58.36 deg\n",
      "Step 0920 | Pos Error: 0.1531\n",
      "  Current EE Orientation Matrix (Step 0920):\n",
      "[[-0.56432332 -0.14561515  0.81261025]\n",
      " [ 0.12286145  0.95854617  0.25708811]\n",
      " [-0.81636037  0.24491929 -0.52303947]]\n",
      "  Approx. Angle Error: 58.47 deg\n",
      "Step 0940 | Pos Error: 0.1505\n",
      "  Current EE Orientation Matrix (Step 0940):\n",
      "[[-0.56862673 -0.13048371  0.8121808 ]\n",
      " [ 0.13918728  0.95784049  0.25133343]\n",
      " [-0.81073457  0.25596014 -0.52649203]]\n",
      "  Approx. Angle Error: 58.23 deg\n",
      "Step 0960 | Pos Error: 0.1458\n",
      "  Current EE Orientation Matrix (Step 0960):\n",
      "[[-0.56348408 -0.13774126  0.8145631 ]\n",
      " [ 0.11351165  0.96374146  0.24149016]\n",
      " [-0.81829139  0.22853826 -0.52741773]]\n",
      "  Approx. Angle Error: 58.18 deg\n",
      "Step 0980 | Pos Error: 0.1455\n",
      "  Current EE Orientation Matrix (Step 0980):\n",
      "[[-0.57078174 -0.14557978  0.80809327]\n",
      " [ 0.10170187  0.96404439  0.24550996]\n",
      " [-0.81477907  0.2223172  -0.5354532 ]]\n",
      "  Approx. Angle Error: 57.65 deg\n",
      "Step 1000 | Pos Error: 0.1580\n",
      "  Current EE Orientation Matrix (Step 1000):\n",
      "[[-0.5408908  -0.14068602  0.82924338]\n",
      " [ 0.12404511  0.96178785  0.2440839 ]\n",
      " [-0.8318954   0.23488632 -0.50277079]]\n",
      "  Approx. Angle Error: 59.82 deg\n",
      "Step 1020 | Pos Error: 0.1518\n",
      "  Current EE Orientation Matrix (Step 1020):\n",
      "[[-0.54105034 -0.14598219  0.82822323]\n",
      " [ 0.09976118  0.96672479  0.23556502]\n",
      " [-0.83505223  0.21007706 -0.50848343]]\n",
      "  Approx. Angle Error: 59.46 deg\n",
      "Step 1040 | Pos Error: 0.1507\n",
      "  Current EE Orientation Matrix (Step 1040):\n",
      "[[-0.55141914 -0.12963823  0.82409397]\n",
      " [ 0.1130835   0.96711812  0.22780398]\n",
      " [-0.82652831  0.21880691 -0.5186275 ]]\n",
      "  Approx. Angle Error: 58.76 deg\n",
      "Step 1060 | Pos Error: 0.1469\n",
      "  Current EE Orientation Matrix (Step 1060):\n",
      "[[-0.55641432 -0.11568825  0.82281185]\n",
      " [ 0.13123466  0.96559468  0.22450917]\n",
      " [-0.82047582  0.23290155 -0.5220884 ]]\n",
      "  Approx. Angle Error: 58.53 deg\n",
      "Step 1080 | Pos Error: 0.1452\n",
      "  Current EE Orientation Matrix (Step 1080):\n",
      "[[-0.54196838 -0.12662727  0.83080431]\n",
      " [ 0.10029438  0.97177263  0.21353921]\n",
      " [-0.83439278  0.19905651 -0.51397003]]\n",
      "  Approx. Angle Error: 59.08 deg\n",
      "Step 1100 | Pos Error: 0.1480\n",
      "  Current EE Orientation Matrix (Step 1100):\n",
      "[[-0.54461312 -0.13850606  0.82717146]\n",
      " [ 0.12344181  0.96228979  0.2424056 ]\n",
      " [-0.8295533   0.23412481 -0.5069782 ]]\n",
      "  Approx. Angle Error: 59.54 deg\n",
      "Step 1120 | Pos Error: 0.1558\n",
      "  Current EE Orientation Matrix (Step 1120):\n",
      "[[-0.51719309 -0.14893353  0.84281084]\n",
      " [ 0.11318416  0.96419228  0.23983867]\n",
      " [-0.84835173  0.21943574 -0.48181667]]\n",
      "  Approx. Angle Error: 61.21 deg\n",
      "Step 1140 | Pos Error: 0.1503\n",
      "  Current EE Orientation Matrix (Step 1140):\n",
      "[[-0.51947465 -0.13502122  0.84375077]\n",
      " [ 0.10972566  0.9687212   0.22257475]\n",
      " [-0.84741157  0.20820305 -0.48841081]]\n",
      "  Approx. Angle Error: 60.77 deg\n",
      "Step 1160 | Pos Error: 0.1571\n",
      "  Current EE Orientation Matrix (Step 1160):\n",
      "[[-0.49895214 -0.1193008   0.85837875]\n",
      " [ 0.12891189  0.96924296  0.2096421 ]\n",
      " [-0.85698803  0.2152566  -0.46822656]]\n",
      "  Approx. Angle Error: 62.08 deg\n",
      "Step 1180 | Pos Error: 0.1554\n",
      "  Current EE Orientation Matrix (Step 1180):\n",
      "[[-0.49065355 -0.13343101  0.86107797]\n",
      " [ 0.11519515  0.96959934  0.21588699]\n",
      " [-0.86370665  0.20511772 -0.46036675]]\n",
      "  Approx. Angle Error: 62.59 deg\n",
      "Step 1200 | Pos Error: 0.1669\n",
      "  Current EE Orientation Matrix (Step 1200):\n",
      "[[-0.4572176  -0.13351577  0.87927561]\n",
      " [ 0.12151211  0.97001697  0.21048012]\n",
      " [-0.88101468  0.20307785 -0.42728505]]\n",
      "  Approx. Angle Error: 64.71 deg\n",
      "Step 1220 | Pos Error: 0.1625\n",
      "  Current EE Orientation Matrix (Step 1220):\n",
      "[[-0.4694573  -0.13710866  0.87224484]\n",
      " [ 0.11731741  0.96942501  0.21552674]\n",
      " [-0.87512654  0.20351011 -0.43901841]]\n",
      "  Approx. Angle Error: 63.96 deg\n",
      "Step 1240 | Pos Error: 0.1616\n",
      "  Current EE Orientation Matrix (Step 1240):\n",
      "[[-0.46970219 -0.11207819  0.87568164]\n",
      " [ 0.13055899  0.97218309  0.19445921]\n",
      " [-0.87311752  0.20566603 -0.44200371]]\n",
      "  Approx. Angle Error: 63.77 deg\n",
      "Step 1260 | Pos Error: 0.1630\n",
      "  Current EE Orientation Matrix (Step 1260):\n",
      "[[-0.46024148 -0.11475458  0.88034605]\n",
      " [ 0.12600253  0.97312965  0.19272271]\n",
      " [-0.87880666  0.19962482 -0.43341526]]\n",
      "  Approx. Angle Error: 64.32 deg\n",
      "Step 1280 | Pos Error: 0.1602\n",
      "  Current EE Orientation Matrix (Step 1280):\n",
      "[[-0.45584848 -0.12330611  0.88147477]\n",
      " [ 0.10368616  0.97625748  0.19018547]\n",
      " [-0.88399737  0.17809249 -0.43224035]]\n",
      "  Approx. Angle Error: 64.39 deg\n",
      "Step 1300 | Pos Error: 0.1623\n",
      "  Current EE Orientation Matrix (Step 1300):\n",
      "[[-0.45412903 -0.12587472  0.88199908]\n",
      " [ 0.11396898  0.97362847  0.19763266]\n",
      " [-0.88361637  0.19027126 -0.42780714]]\n",
      "  Approx. Angle Error: 64.67 deg\n",
      "Step 1320 | Pos Error: 0.1722\n",
      "  Current EE Orientation Matrix (Step 1320):\n",
      "[[-0.42362818 -0.11864535  0.89803254]\n",
      " [ 0.12575624  0.97408187  0.18801565]\n",
      " [-0.8970644   0.19258192 -0.39772814]]\n",
      "  Approx. Angle Error: 66.56 deg\n",
      "Step 1340 | Pos Error: 0.1808\n",
      "  Current EE Orientation Matrix (Step 1340):\n",
      "[[-0.38173721 -0.11121022  0.91755599]\n",
      " [ 0.14896012  0.97235482  0.1798249 ]\n",
      " [-0.91218835  0.2053251  -0.35461812]]\n",
      "  Approx. Angle Error: 69.25 deg\n",
      "Step 1360 | Pos Error: 0.1798\n",
      "  Current EE Orientation Matrix (Step 1360):\n",
      "[[-0.37206535 -0.11020885  0.92164059]\n",
      " [ 0.13404655  0.9761379   0.17084004]\n",
      " [-0.9184764   0.1871064  -0.34841398]]\n",
      "  Approx. Angle Error: 69.62 deg\n",
      "Step 1380 | Pos Error: 0.1790\n",
      "  Current EE Orientation Matrix (Step 1380):\n",
      "[[-0.37489058 -0.11547686  0.91984898]\n",
      " [ 0.12002383  0.9778157   0.17167046]\n",
      " [-0.91926674  0.17476144 -0.35271392]]\n",
      "  Approx. Angle Error: 69.35 deg\n",
      "Step 1400 | Pos Error: 0.1843\n",
      "  Current EE Orientation Matrix (Step 1400):\n",
      "[[-0.348591   -0.10304342  0.93159346]\n",
      " [ 0.12741355  0.97950182  0.15601916]\n",
      " [-0.92857423  0.1730845  -0.32831639]]\n",
      "  Approx. Angle Error: 70.84 deg\n",
      "Step 1420 | Pos Error: 0.1825\n",
      "  Current EE Orientation Matrix (Step 1420):\n",
      "[[-0.34090321 -0.11342752  0.93323052]\n",
      " [ 0.12261661  0.97884971  0.16376328]\n",
      " [-0.93206768  0.170257   -0.31978491]]\n",
      "  Approx. Angle Error: 71.35 deg\n",
      "Step 1440 | Pos Error: 0.1894\n",
      "  Current EE Orientation Matrix (Step 1440):\n",
      "[[-0.31250735 -0.12184161  0.94206888]\n",
      " [ 0.11541562  0.9795221   0.16497178]\n",
      " [-0.94287772  0.16028436 -0.29204543]]\n",
      "  Approx. Angle Error: 73.02 deg\n",
      "Step 1460 | Pos Error: 0.1927\n",
      "  Current EE Orientation Matrix (Step 1460):\n",
      "[[-0.29648001 -0.11981622  0.94749337]\n",
      " [ 0.1117685   0.98092872  0.15901778]\n",
      " [-0.94847636  0.15304551 -0.27743407]]\n",
      "  Approx. Angle Error: 73.89 deg\n",
      "Step 1480 | Pos Error: 0.1922\n",
      "  Current EE Orientation Matrix (Step 1480):\n",
      "[[-0.29055667 -0.12301442  0.94891742]\n",
      " [ 0.1177168   0.97957284  0.16303314]\n",
      " [-0.94958916  0.15907389 -0.27014056]]\n",
      "  Approx. Angle Error: 74.33 deg\n",
      "Step 1500 | Pos Error: 0.1938\n",
      "  Current EE Orientation Matrix (Step 1500):\n",
      "[[-0.25892129 -0.10342718  0.96034503]\n",
      " [ 0.09459826  0.98675536  0.13177642]\n",
      " [-0.96125487  0.12496669 -0.24570794]]\n",
      "  Approx. Angle Error: 75.78 deg\n",
      "Step 1520 | Pos Error: 0.1983\n",
      "  Current EE Orientation Matrix (Step 1520):\n",
      "[[-0.24429211 -0.13225084  0.96064097]\n",
      " [ 0.08779741  0.98357075  0.15773455]\n",
      " [-0.96571889  0.1228751  -0.2286673 ]]\n",
      "  Approx. Angle Error: 76.81 deg\n",
      "Step 1540 | Pos Error: 0.1997\n",
      "  Current EE Orientation Matrix (Step 1540):\n",
      "[[-0.23865571 -0.1301734   0.96234003]\n",
      " [ 0.10314453  0.9819715   0.15840825]\n",
      " [-0.96561103  0.13706514 -0.22092643]]\n",
      "  Approx. Angle Error: 77.25 deg\n",
      "Step 1560 | Pos Error: 0.2096\n",
      "  Current EE Orientation Matrix (Step 1560):\n",
      "[[-0.18655897 -0.11036791  0.97622471]\n",
      " [ 0.11719227  0.98407487  0.13365115]\n",
      " [-0.97542899  0.13933981 -0.17065373]]\n",
      "  Approx. Angle Error: 80.17 deg\n",
      "Step 1580 | Pos Error: 0.2084\n",
      "  Current EE Orientation Matrix (Step 1580):\n",
      "[[-0.16419222 -0.11226722  0.98001887]\n",
      " [ 0.09140653  0.98749609  0.12843802]\n",
      " [-0.98218418  0.11066865 -0.15187722]]\n",
      "  Approx. Angle Error: 81.27 deg\n",
      "Step 1600 | Pos Error: 0.2195\n",
      "  Current EE Orientation Matrix (Step 1600):\n",
      "[[-0.11397643 -0.1110683   0.98725539]\n",
      " [ 0.09593171  0.98785705  0.12221109]\n",
      " [-0.98884098  0.10863828 -0.10193745]]\n",
      "  Approx. Angle Error: 84.15 deg\n",
      "Step 1620 | Pos Error: 0.2251\n",
      "  Current EE Orientation Matrix (Step 1620):\n",
      "[[-0.09458126 -0.11843116  0.98844749]\n",
      " [ 0.0989988   0.98685788  0.12771357]\n",
      " [-0.99058247  0.10993443 -0.08161372]]\n",
      "  Approx. Angle Error: 85.32 deg\n",
      "Step 1640 | Pos Error: 0.2337\n",
      "  Current EE Orientation Matrix (Step 1640):\n",
      "[[-0.03991624 -0.12859971  0.99089294]\n",
      " [ 0.10402694  0.98575943  0.132124  ]\n",
      " [-0.99377316  0.10835345 -0.02596998]]\n",
      "  Approx. Angle Error: 88.52 deg\n",
      "Step 1660 | Pos Error: 0.2284\n",
      "  Current EE Orientation Matrix (Step 1660):\n",
      "[[-0.03951138 -0.1219584   0.99174846]\n",
      " [ 0.07761267  0.98915037  0.124731  ]\n",
      " [-0.99620034  0.08190054 -0.02961718]]\n",
      "  Approx. Angle Error: 88.33 deg\n",
      "Step 1680 | Pos Error: 0.2384\n",
      "  Current EE Orientation Matrix (Step 1680):\n",
      "[[ 0.01558766 -0.12278907  0.99231037]\n",
      " [ 0.08502968  0.98899869  0.1210436 ]\n",
      " [-0.99625648  0.08248905  0.02585689]]\n",
      "  Approx. Angle Error: 91.50 deg\n",
      "Step 1700 | Pos Error: 0.2477\n",
      "  Current EE Orientation Matrix (Step 1700):\n",
      "[[ 0.06398892 -0.11898087  0.99083246]\n",
      " [ 0.0931849   0.98924167  0.11277188]\n",
      " [-0.99359046  0.08511447  0.07438773]]\n",
      "  Approx. Angle Error: 94.28 deg\n",
      "Step 1720 | Pos Error: 0.2546\n",
      "  Current EE Orientation Matrix (Step 1720):\n",
      "[[ 0.10508408 -0.12853594  0.98612162]\n",
      " [ 0.09305689  0.98853184  0.11893367]\n",
      " [-0.99009987  0.07926737  0.11584011]]\n",
      "  Approx. Angle Error: 96.67 deg\n",
      "Step 1740 | Pos Error: 0.2641\n",
      "  Current EE Orientation Matrix (Step 1740):\n",
      "[[ 0.18731075 -0.1149223   0.975555  ]\n",
      " [ 0.08065015  0.99157896  0.10132478]\n",
      " [-0.97898429  0.05969944  0.1950019 ]]\n",
      "  Approx. Angle Error: 101.27 deg\n",
      "Step 1760 | Pos Error: 0.2856\n",
      "  Current EE Orientation Matrix (Step 1760):\n",
      "[[ 0.30433884 -0.1434668   0.94169801]\n",
      " [ 0.12105387  0.9864028   0.11115523]\n",
      " [-0.94484064  0.08016733  0.3175679 ]]\n",
      "  Approx. Angle Error: 108.53 deg\n",
      "Step 1780 | Pos Error: 0.3091\n",
      "  Current EE Orientation Matrix (Step 1780):\n",
      "[[ 0.4739606  -0.13024995  0.87085952]\n",
      " [ 0.1486548   0.98663971  0.06666202]\n",
      " [-0.86790731  0.09786228  0.48699063]]\n",
      "  Approx. Angle Error: 119.15 deg\n",
      "Step 1800 | Pos Error: 0.3421\n",
      "  Current EE Orientation Matrix (Step 1800):\n",
      "[[ 0.59599923 -0.11560075  0.79462028]\n",
      " [ 0.15484448  0.98755524  0.02752879]\n",
      " [-0.78791377  0.10663542  0.6064823 ]]\n",
      "  Approx. Angle Error: 127.41 deg\n",
      "Step 1820 | Pos Error: 0.3508\n",
      "  Current EE Orientation Matrix (Step 1820):\n",
      "[[ 0.60868478 -0.0966034   0.78750913]\n",
      " [ 0.11865268  0.99248137  0.03003774]\n",
      " [-0.78448989  0.07515655  0.61557056]]\n",
      "  Approx. Angle Error: 128.02 deg\n",
      "Step 1840 | Pos Error: 0.3459\n",
      "  Current EE Orientation Matrix (Step 1840):\n",
      "[[ 0.58501294 -0.13133036  0.80032006]\n",
      " [ 0.12629152  0.98951599  0.07006111]\n",
      " [-0.80113065  0.06008698  0.59546557]]\n",
      "  Approx. Angle Error: 126.55 deg\n",
      "Step 1860 | Pos Error: 0.3499\n",
      "  Current EE Orientation Matrix (Step 1860):\n",
      "[[ 0.57689294 -0.18389294  0.79585044]\n",
      " [ 0.19983089  0.97649479  0.08078084]\n",
      " [-0.79199883  0.11243361  0.60008044]]\n",
      "  Approx. Angle Error: 126.89 deg\n",
      "Step 1880 | Pos Error: 0.3466\n",
      "  Current EE Orientation Matrix (Step 1880):\n",
      "[[ 0.57469489 -0.14547093  0.80533471]\n",
      " [ 0.17715235  0.98285495  0.05111945]\n",
      " [-0.7989636   0.11328885  0.59061223]]\n",
      "  Approx. Angle Error: 126.24 deg\n",
      "Step 1900 | Pos Error: 0.3521\n",
      "  Current EE Orientation Matrix (Step 1900):\n",
      "[[ 0.58466072 -0.17469893  0.79224499]\n",
      " [ 0.18770782  0.97917107  0.07739368]\n",
      " [-0.78926397  0.10346154  0.60527522]]\n",
      "  Approx. Angle Error: 127.26 deg\n",
      "Step 1920 | Pos Error: 0.3483\n",
      "  Current EE Orientation Matrix (Step 1920):\n",
      "[[ 0.55787722 -0.22781795  0.7980426 ]\n",
      " [ 0.21376463  0.9685856   0.12706936]\n",
      " [-0.80192125  0.09970418  0.58905126]]\n",
      "  Approx. Angle Error: 126.10 deg\n",
      "Step 1940 | Pos Error: 0.3424\n",
      "  Current EE Orientation Matrix (Step 1940):\n",
      "[[ 0.53610876 -0.23197781  0.81164875]\n",
      " [ 0.25023102  0.96195643  0.10965519]\n",
      " [-0.80620831  0.14431258  0.57376131]]\n",
      "  Approx. Angle Error: 125.03 deg\n",
      "Step 1960 | Pos Error: 0.3381\n",
      "  Current EE Orientation Matrix (Step 1960):\n",
      "[[ 0.52334885 -0.24511363  0.81610373]\n",
      " [ 0.24722594  0.96021689  0.12985706]\n",
      " [-0.81546632  0.13380147  0.56312685]]\n",
